n,nruns,retries,neighbors,nwins,pwins,start,ave,end,steps
10.0,1000.0,1.0,2.0,29.0,0.029,13.552,1.838,6.149,1.0
10.0,1000.0,1.0,8.0,56.0,0.056,13.425,1.399,13.048,1.0
10.0,1000.0,1.0,32.0,90.0,0.09,13.488,1.207,37.1,1.0
10.0,1000.0,1.0,100.0,96.0,0.096,13.134,1.173,91.556,1.0
10.0,1000.0,10.0,2.0,181.0,0.181,13.451,1.752086904761904,6.09343253968254,5.023
10.0,1000.0,10.0,8.0,355.0,0.355,13.471,1.2878535714285713,12.613592460317463,4.512
10.0,1000.0,10.0,32.0,405.0,0.405,13.337,1.1534797619047619,35.05229285714286,4.4035
10.0,1000.0,10.0,100.0,415.0,0.415,13.387,1.0786896825396823,84.10669603174603,4.23
10.0,1000.0,100.0,2.0,507.0,0.507,13.262,1.7168536915154606,6.076603340141805,32.115
10.0,1000.0,100.0,8.0,752.0,0.752,13.432,1.2341199848692883,12.553984243223805,20.564
10.0,1000.0,100.0,32.0,789.0,0.789,13.213,1.0917298616404194,34.051141189342516,18.171
10.0,1000.0,100.0,100.0,797.0,0.797,13.359,1.0464995145049574,83.52623071874594,17.853
10.0,1000.0,320.0,2.0,630.0,0.63,13.457,1.7208666575020644,6.130787031590064,78.362
10.0,1000.0,320.0,8.0,855.0,0.855,13.398,1.253354028766515,12.492814622426984,40.159
10.0,1000.0,320.0,32.0,879.0,0.879,13.387,1.1117857042587678,34.75649664162954,34.1505
10.0,1000.0,320.0,100.0,877.0,0.877,13.243,1.0465264359889608,83.41705305996508,33.204
6.0,1000.0,1.0,2.0,71.0,0.071,6.827,1.136,3.802,1.0
6.0,1000.0,1.0,8.0,119.0,0.119,6.804,0.931,9.599,1.0
6.0,1000.0,1.0,32.0,129.0,0.129,6.921,0.902,31.32,1.0
6.0,1000.0,1.0,100.0,137.0,0.137,6.89,0.891,87.457,1.0
6.0,1000.0,10.0,2.0,188.0,0.188,6.837,1.1350869047619045,3.754160714285715,4.907
6.0,1000.0,10.0,8.0,325.0,0.325,6.892,0.8806670634920633,9.321811111111108,4.4075
6.0,1000.0,10.0,32.0,339.0,0.339,6.81,0.8422341269841268,29.337580158730162,4.3595
6.0,1000.0,10.0,100.0,361.0,0.361,6.846,0.8212309523809522,81.28128134920634,4.256
6.0,1000.0,100.0,2.0,308.0,0.308,6.82,1.1142927200414017,3.746199582231427,37.0815
6.0,1000.0,100.0,8.0,437.0,0.437,6.939,0.8891806911163124,9.411505734519658,31.198
6.0,1000.0,100.0,32.0,459.0,0.459,6.874,0.8334031397005129,29.254912481845984,30.008
6.0,1000.0,100.0,100.0,494.0,0.494,6.917,0.8238190387605959,80.97491293722192,28.1585
6.0,1000.0,320.0,2.0,333.0,0.333,6.917,1.1229469636946112,3.767551893899596,110.391
6.0,1000.0,320.0,8.0,521.0,0.521,6.929,0.8583914630682951,9.268179815664448,82.028
6.0,1000.0,320.0,32.0,514.0,0.514,6.79,0.802765313047933,28.49260370439946,81.744
6.0,1000.0,320.0,100.0,471.0,0.471,6.86,0.8252619570187822,81.26951722906925,88.31
7.0,1000.0,1.0,2.0,160.0,0.16,8.582,1.315,4.319,1.0
7.0,1000.0,1.0,8.0,286.0,0.286,8.41,0.9,9.484,1.0
7.0,1000.0,1.0,32.0,305.0,0.305,8.403,0.8,27.542,1.0
7.0,1000.0,1.0,100.0,295.0,0.295,8.45,0.791,72.609,1.0
7.0,1000.0,10.0,2.0,543.0,0.543,8.498,1.07830873015873,4.263141666666667,3.7025
7.0,1000.0,10.0,8.0,717.0,0.717,8.53,0.7666833333333333,8.946698015873014,3.032
7.0,1000.0,10.0,32.0,740.0,0.74,8.578,0.658129365079365,23.7145761904762,2.9005
7.0,1000.0,10.0,100.0,770.0,0.77,8.428,0.608020238095238,57.72875277777777,2.7055
7.0,1000.0,100.0,2.0,712.0,0.712,8.53,1.0771010941263368,4.287934756850645,18.0545
7.0,1000.0,100.0,8.0,869.0,0.869,8.507,0.7276338328916316,8.682475410433607,10.191
7.0,1000.0,100.0,32.0,875.0,0.875,8.59,0.650307712309707,23.57380077704536,9.5835
7.0,1000.0,100.0,100.0,869.0,0.869,8.511,0.6245886979896557,58.75818482005777,9.5855
7.0,1000.0,320.0,2.0,717.0,0.717,8.471,1.0993497480193963,4.298341113815658,49.924
7.0,1000.0,320.0,8.0,885.0,0.885,8.481,0.7140243465182805,8.691575676281504,22.6595
7.0,1000.0,320.0,32.0,873.0,0.873,8.549,0.6429115637342502,23.418450187921795,24.825
7.0,1000.0,320.0,100.0,893.0,0.893,8.481,0.5952305834311853,56.22425185620866,20.3285
8.0,1000.0,1.0,2.0,80.0,0.08,10.206,1.492,4.88,1.0
8.0,1000.0,1.0,8.0,149.0,0.149,10.166,1.092,11.188,1.0
8.0,1000.0,1.0,32.0,186.0,0.186,10.192,0.993,31.996,1.0
8.0,1000.0,1.0,100.0,197.0,0.197,10.001,0.933,82.566,1.0
8.0,1000.0,10.0,2.0,348.0,0.348,10.166,1.3978583333333334,4.909489285714285,4.4685
8.0,1000.0,10.0,8.0,572.0,0.572,10.064,0.9517329365079361,10.475914285714289,3.6985
8.0,1000.0,10.0,32.0,613.0,0.613,10.051,0.8470968253968254,28.75612460317461,3.514
8.0,1000.0,10.0,100.0,606.0,0.606,10.107,0.8148325396825395,72.02572420634921,3.48
8.0,1000.0,100.0,2.0,612.0,0.612,10.16,1.3296136881369005,4.922904748438615,24.356
8.0,1000.0,100.0,8.0,811.0,0.811,10.184,0.9657595684780619,10.491167390851526,14.516
8.0,1000.0,100.0,32.0,853.0,0.853,10.215,0.8234265922522297,28.331624640450315,11.83
8.0,1000.0,100.0,100.0,831.0,0.831,10.262,0.8048006723196586,71.16190498466635,13.029
8.0,1000.0,320.0,2.0,665.0,0.665,10.139,1.3515541999676552,4.8988839134344575,63.5215
8.0,1000.0,320.0,8.0,828.0,0.828,10.063,0.9467687828326234,10.418046870801534,35.3635
8.0,1000.0,320.0,32.0,837.0,0.837,10.217,0.8312104412855839,28.396350922132978,32.588
8.0,1000.0,320.0,100.0,863.0,0.863,10.158,0.7810721288786023,69.94645723063346,28.8945
9.0,1000.0,1.0,2.0,84.0,0.084,11.737,1.622,5.479,1.0
9.0,1000.0,1.0,8.0,139.0,0.139,11.669,1.235,11.913,1.0
9.0,1000.0,1.0,32.0,178.0,0.178,11.749,1.06,33.253,1.0
9.0,1000.0,1.0,100.0,167.0,0.167,11.848,1.023,84.964,1.0
9.0,1000.0,10.0,2.0,372.0,0.372,11.612,1.4734146825396828,5.5259785714285705,4.419
9.0,1000.0,10.0,8.0,586.0,0.586,11.508,1.0244932539682539,11.224182142857144,3.73
9.0,1000.0,10.0,32.0,606.0,0.606,11.785,0.9080277777777774,30.11827857142857,3.629
9.0,1000.0,10.0,100.0,620.0,0.62,11.753,0.8599154761904763,72.37731944444444,3.5425
9.0,1000.0,100.0,2.0,651.0,0.651,11.559,1.4807104202878087,5.442272667982613,23.942
9.0,1000.0,100.0,8.0,863.0,0.863,11.817,1.0279497224124123,11.198546153456412,13.074
9.0,1000.0,100.0,32.0,889.0,0.889,11.781,0.8825976629090795,29.484215741812708,10.946
9.0,1000.0,100.0,100.0,924.0,0.924,11.74,0.8363819881057862,71.82212832786061,9.193
9.0,1000.0,320.0,2.0,729.0,0.729,11.706,1.461027060692841,5.525273822946085,55.562
9.0,1000.0,320.0,8.0,918.0,0.918,11.645,1.0074858317558837,11.131594713848227,21.873
9.0,1000.0,320.0,32.0,910.0,0.91,11.775,0.8686694609103379,29.27021468960974,22.6865
9.0,1000.0,320.0,100.0,922.0,0.922,11.811,0.8466602373152954,71.09489747981382,20.2525
