6 1 32 100 0.32 6.31 0.77 3.34
6 2 49 100 0.49 6.41 0.55 5.38
6 3 49 100 0.49 6.7 0.54 7.05
6 4 47 100 0.47 6.66 0.55 9.11
6 5 52 100 0.52 6.58 0.5 10.35
6 6 43 100 0.43 6.6 0.61 13.45
6 7 50 100 0.5 6.44 0.52 13.38
6 8 54 100 0.54 6.48 0.46 14.05
7 1 28 100 0.28 7.65 0.93 4.09
7 2 45 100 0.45 8.09 0.62 6.75
7 3 46 100 0.46 8.13 0.61 8.97
7 4 38 100 0.38 8.32 0.69 11.8
7 5 50 100 0.5 7.96 0.52 12.47
7 6 53 100 0.53 7.85 0.47 14.02
7 7 47 100 0.47 8.22 0.56 17.25
7 8 50 100 0.5 8.16 0.51 18.45
8 1 31 100 0.31 9.89 0.9 5.83
8 2 33 100 0.33 9.62 0.82 9.14
8 3 43 100 0.43 10.21 0.65 11.14
8 4 40 100 0.4 9.7 0.66 14.4
8 5 43 100 0.43 9.36 0.62 16.63
8 6 45 100 0.45 9.56 0.63 18.88
8 7 39 100 0.39 9.53 0.65 22.2
8 8 37 100 0.37 9.92 0.7 25.56
9 1 18 100 0.18 11.07 1.15 6.45
9 2 30 100 0.3 11.15 0.92 10.52
9 3 36 100 0.36 11.53 0.7 13.89
9 4 37 100 0.37 11.49 0.75 16.61
9 5 31 100 0.31 11.14 0.79 20.38
9 6 41 100 0.41 11.09 0.68 22.2
9 7 37 100 0.37 10.82 0.71 25.6
9 8 39 100 0.39 11.57 0.68 28.35
10 1 22 100 0.22 13.26 1.04 8.17
10 2 24 100 0.24 12.76 0.96 12.86
10 3 29 100 0.29 13.24 0.89 16.62
10 4 20 100 0.2 13.3 0.97 21.85
10 5 24 100 0.24 12.54 0.91 25.34
10 6 24 100 0.24 12.95 0.89 29.49
10 7 29 100 0.29 12.58 0.87 31.7
10 8 36 100 0.36 12.63 0.77 32.88



6.0     2.0     81.0    1000.0  0.081   6.815   1.119   3.774
6.0     3.0     79.0    1000.0  0.079   6.907   1.056   4.894
6.0     6.0     101.0   1000.0  0.101   6.885   0.978   7.855
6.0     9.0     120.0   1000.0  0.12    6.876   0.934   10.565
6.0     12.0    118.0   1000.0  0.118   6.832   0.932   13.284
7.0     2.0     187.0   1000.0  0.187   8.585   1.265   4.315
7.0     4.0     219.0   1000.0  0.219   8.446   1.041   6.303
7.0     7.0     248.0   1000.0  0.248   8.558   0.953   8.933
7.0     11.0    238.0   1000.0  0.238   8.429   0.948   12.271
7.0     14.0    270.0   1000.0  0.27    8.481   0.873   14.477
8.0     2.0     75.0    1000.0  0.075   10.044  1.524   4.86
8.0     4.0     130.0   1000.0  0.13    10.156  1.261   7.147
8.0     8.0     139.0   1000.0  0.139   10.077  1.11    11.222
8.0     12.0    163.0   1000.0  0.163   10.21   1.063   14.804
8.0     16.0    183.0   1000.0  0.183   10.145  1.014   18.174
9.0     2.0     77.0    1000.0  0.077   11.694  1.588   5.502
9.0     5.0     122.0   1000.0  0.122   11.78   1.289   8.892
9.0     9.0     145.0   1000.0  0.145   11.698  1.162   12.872
9.0     14.0    130.0   1000.0  0.13    11.768  1.171   17.798
9.0     18.0    159.0   1000.0  0.159   11.771  1.098   20.867
10.0    2.0     35.0    1000.0  0.035   13.371  1.833   6.035
10.0    5.0     41.0    1000.0  0.041   13.369  1.467   9.777
10.0    10.0    62.0    1000.0  0.062   13.431  1.328   15.144
10.0    15.0    81.0    1000.0  0.081   13.332  1.299   19.867
10.0    20.0    57.0    1000.0  0.057   13.415  1.305   25.491


6.0     2.0     83.0    1000.0  0.083   6.75    1.133   3.726
6.0     3.0     92.0    1000.0  0.092   6.853   1.017   4.858
6.0     6.0     107.0   1000.0  0.107   6.915   0.975   7.862
6.0     9.0     102.0   1000.0  0.102   6.951   0.959   10.713
6.0     12.0    122.0   1000.0  0.122   6.924   0.931   13.375
7.0     2.0     166.0   1000.0  0.166   8.533   1.299   4.308
7.0     4.0     245.0   1000.0  0.245   8.527   1.035   6.171
7.0     7.0     255.0   1000.0  0.255   8.503   0.945   8.813
7.0     11.0    290.0   1000.0  0.29    8.561   0.867   11.9
7.0     14.0    285.0   1000.0  0.285   8.513   0.857   14.437
8.0     2.0     97.0    1000.0  0.097   10.013  1.476   4.865
8.0     4.0     131.0   1000.0  0.131   9.999   1.241   7.121
8.0     8.0     159.0   1000.0  0.159   10.26   1.114   11.07
8.0     12.0    165.0   1000.0  0.165   10.136  1.088   14.882
8.0     16.0    179.0   1000.0  0.179   10.069  1.034   18.311
9.0     2.0     69.0    1000.0  0.069   11.808  1.598   5.505
9.0     5.0     137.0   1000.0  0.137   11.508  1.254   8.81
9.0     9.0     145.0   1000.0  0.145   11.707  1.205   12.789
9.0     14.0    156.0   1000.0  0.156   11.821  1.127   17.372
9.0     18.0    164.0   1000.0  0.164   11.689  1.09    21.177
10.0    2.0     33.0    1000.0  0.033   13.331  1.804   6.104
10.0    5.0     50.0    1000.0  0.05    13.248  1.465   9.748
10.0    10.0    62.0    1000.0  0.062   13.353  1.365   15.173
10.0    15.0    68.0    1000.0  0.068   13.356  1.339   20.297
10.0    20.0    77.0    1000.0  0.077   13.422  1.246   25.463